nice 69.0 44.7 38.7 69.3 44.6 34.3 12.1 17.8 73.1 132.8 103.9 92.7
marseille 47.2 54 43.7 47.9 42.3 27.8 13.7 29.3 46.7 77.6 58.4 55.8
lyon 51.9 47.1 56.4 64.8 81.3 78.4 63.4 83.1 86.4 84.4 80.3 56.6
paris 51 41.2 47.6 51.8 63.2 49.6 62.3 52.7 47.6 61.5 51.1 57.8
grenoble 61.0 52.0 66.0 83.0 104.0 75.0 59.0 67.0 106.0 106.0 87.0 67.0
strasbourg 32.2 34.5 42.8 45.9 81.9 71.6 72.7 61.4 63.5 61.5 47.0 50.0
nantes 86.6 70.2 69.1 49.9 64.1 45.0 46.4 44.8 62.2 79.2 86.9 84.1
lilles 57.0 43.6 57.5 50.4 62.5 68.1 61.2 52.8 63.6 66.8 71.5 68.1
ajaccio 61.8 56.4 57.2 63.8 38.8 23.2 9.7 20.2 53.7 92.0 94.9 67.6
brest 143.8 111.7 95.8 92.1 79.0 59.8 66.8 66.8 83.3 129.0 134.1 147.8
tours 63.3 61.6 54.3 51.4 67.5 47.5 53.0 40.9 54.3 61.0 63.0 65.9
bordeaux 92 82.6 70 80 83.9 63.8 54.5 59.5 90.3 94.1 106.9 106.7
toulouse 52.4 46.3 51.6 63.9 73.3 60.2 40.8 48.3 53.5 52.2 52.2 55.4
